 0.000000 1230.898193
 0.998004 1230.809814
 1.996008 1230.751953
 2.994012 1230.697021
 3.992016 1230.465454
 4.990020 1230.395264
 5.988024 1230.316040
 6.986028 1230.212402
 7.984032 1230.108765
 8.982036 1230.108765
 9.980040 1230.047852
 10.978044 1229.947266
 11.976048 1229.822266
 12.974052 1229.697266
 13.972056 1229.648560
 14.970060 1229.581543
 15.968064 1229.450439
 16.966068 1229.346802
 17.964072 1229.243164
 18.962076 1229.145630
 19.960080 1229.054199
 20.958084 1228.974976
 21.956088 1228.843872
 22.954092 1228.795166
 23.952096 1228.709717
 24.950100 1228.630493
 25.948104 1228.526978
 26.946108 1228.526978
 27.944112 1228.444580
 28.942116 1228.377563
 29.940120 1228.307373
 30.938124 1228.243408
 31.936128 1228.139771
 32.934132 1228.005615
 33.932136 1227.892944
 34.930140 1227.767944
 35.928144 1227.728271
 36.926148 1227.612549
 37.924152 1227.557617
 38.922156 1227.469238
 39.920160 1227.383911
 40.918164 1227.310791
 41.916168 1227.228516
 42.914172 1227.170532
 43.912176 1227.164429
 44.910180 1226.972412
 45.908184 1226.908447
 46.906188 1226.835327
 47.904192 1226.759033
 48.902196 1226.692017
 49.900200 1226.612793
 50.898204 1226.570068
 51.896208 1226.472534
 52.894212 1226.375000
 53.892216 1226.329224
 54.890220 1226.225708
 55.888224 1226.054932
 56.886228 1225.990967
 57.884232 1225.911743
 58.882236 1225.838623
 59.880240 1225.722656
 60.878244 1225.664795
 61.876247 1225.652588
 62.874251 1225.576416
 63.872255 1225.509399
 64.870259 1225.402710
 65.868263 1225.289917
 66.866267 1225.207642
 67.864271 1225.067383
 68.862275 1224.972900
 69.860279 1224.884521
 70.858283 1224.741211
 71.856287 1224.649780
 72.854291 1224.549316
 73.852295 1224.344971
 74.850299 1224.354126
 75.848303 1224.402954
 76.846307 1224.293213
 77.844311 1224.088989
 78.842315 1224.003662
 79.840319 1224.025024
 80.838323 1223.942749
 81.836327 1223.829956
 82.834331 1223.747559
 83.832335 1223.677490
 84.830339 1223.567871
 85.828343 1223.415405
 86.826347 1223.086182
 87.824351 1222.799683
 88.822355 1222.531494
 89.820359 1222.123047
 90.818363 1221.985840
 91.816367 1221.876221
 92.814371 1221.696289
 93.812375 1221.595825
 94.810379 1221.507324
 95.808383 1221.351929
 96.806387 1221.351929
 97.804391 1221.263550
 98.802395 1221.111084
 99.800399 1221.007446
 100.798403 1220.894775
 101.796407 1220.510620
 102.794411 1220.388672
 103.792415 1220.269897
 104.790419 1220.074829
 105.788423 1219.958984
 106.786427 1219.785156
 107.784431 1219.614624
 108.782435 1219.471313
 109.780439 1219.361572
 110.778443 1219.181763
 111.776447 1219.029297
 112.774451 1218.675781
 113.772455 1218.501953
 114.770459 1218.501953
 115.768463 1218.340454
 116.766467 1218.072266
 117.764471 1217.907715
 118.762475 1217.788818
 119.760479 1217.529663
 120.758483 1217.362061
 121.756487 1217.176147
 122.754491 1216.968872
 123.752495 1216.584839
 124.750499 1216.441528
 125.748503 1216.298340
 126.746507 1216.185547
 127.744511 1216.039185
 128.742515 1215.792358
 129.740519 1215.618652
 130.738523 1215.435669
 131.736527 1215.271118
 132.734531 1215.085205
 133.732535 1214.911499
 134.730539 1214.652466
 135.728543 1214.244019
 136.726547 1214.055054
 137.724551 1213.823364
 138.722555 1213.640503
 139.720559 1213.484985
 140.718563 1213.292969
 141.716567 1212.875366
 142.714571 1212.683472
 143.712575 1212.469971
 144.710579 1212.189575
 145.708583 1212.040283
 146.706587 1211.640991
 147.704591 1211.452026
 148.702595 1211.293579
 149.700599 1211.293579
 150.698603 1211.019165
 151.696607 1210.860596
 152.694611 1210.693115
 153.692615 1210.421753
 154.690619 1210.238892
 155.688623 1210.037720
 156.686627 1209.799927
 157.684631 1209.476929
 158.682635 1209.303223
 159.680639 1209.056274
 160.678643 1208.888550
 161.676647 1208.751465
 162.674651 1208.531982
 163.672655 1208.401001
 164.670659 1208.291260
 165.668663 1207.958984
 166.666667 1207.843140
 167.664671 1207.843140
 168.662675 1207.663330
 169.660679 1207.389038
 170.658683 1207.233521
 171.656687 1207.056763
 172.654691 1206.925659
 173.652695 1206.755005
 174.650699 1206.511230
 175.648703 1206.337524
 176.646707 1206.145386
 177.644711 1205.855835
 178.642715 1205.490112
 179.640719 1204.962769
 180.638723 1203.173584
 181.636727 1202.408569
 182.634731 1201.658813
 183.632735 1200.777954
 184.630739 1200.777954
 185.628743 1200.366455
 186.626746 1200.585815
 187.624750 1200.799194
 188.622754 1200.948608
 189.620758 1201.012573
 190.618762 1201.049194
 191.616766 1201.116211
 192.614770 1201.238159
 193.612774 1201.292969
 194.610778 1201.329590
 195.608782 1201.475952
 196.606786 1201.494141
 197.604790 1201.469849
 198.602794 1201.366211
 199.600798 1200.991211
 200.598802 1200.732178
 201.596806 1200.570557
 202.594810 1200.531006
 203.592814 1200.229248
 204.590818 1200.043335
 205.588822 1199.808594
 206.586826 1199.631836
 207.584830 1199.464233
 208.582834 1199.278198
 209.580838 1199.122803
 210.578842 1198.997803
 211.576846 1198.830200
 212.574850 1198.705322
 213.572854 1198.674805
 214.570858 1198.714478
 215.568862 1198.845459
 216.566866 1198.912476
 217.564870 1198.939941
 218.562874 1198.854614
 219.560878 1198.854614
 220.558882 1198.769287
 221.556886 1198.744873
 222.554890 1198.778442
 223.552894 1198.808960
 224.550898 1198.836304
 225.548902 1198.839355
 226.546906 1198.924683
 227.544910 1198.955200
 228.542914 1198.933838
 229.540918 1198.869873
 230.538922 1198.851562
 231.536926 1198.882080
 232.534930 1198.918579
 233.532934 1198.942993
 234.530938 1198.955200
 235.528942 1198.955200
 236.526946 1198.973511
 237.524950 1198.973511
 238.522954 1198.985718
 239.520958 1198.985718
 240.518962 1198.964355
 241.516966 1198.994751
 242.514970 1199.013062
 243.512974 1199.022217
 244.510978 1198.988770
 245.508982 1198.970459
 246.506986 1198.903320
 247.504990 1198.848511
 248.502994 1197.705566
 249.500998 1197.638428
 250.499002 1197.610962
 251.497006 1197.604858
 252.495010 1197.601807
 253.493014 1197.592773
 254.491018 1197.592773
 255.489022 1197.592773
 256.487026 1197.595825
 257.485030 1197.604858
 258.483034 1197.595825
 259.481038 1197.595825
 260.479042 1197.589722
 261.477046 1197.659790
 262.475050 1197.690308
 263.473054 1197.885376
 264.471058 1197.976807
 265.469062 1198.193237
 266.467066 1198.354736
 267.465070 1198.501099
 268.463074 1198.528442
 269.461078 1198.400513
 270.459082 1198.312012
 271.457086 1198.299805
 272.455090 1198.293701
 273.453094 1198.281616
 274.451098 1198.232788
 275.449102 1198.010254
 276.447106 1198.251099
 277.445110 1198.333374
 278.443114 1198.415771
 279.441118 1198.461426
 280.439122 1198.522339
 281.437126 1198.595459
 282.435130 1198.531494
 283.433134 1198.485840
 284.431138 1198.263306
 285.429142 1198.062134
 286.427146 1197.864014
 287.425150 1197.726929
 288.423154 1197.742065
 289.421158 1197.854858
 290.419162 1197.900635
 291.417166 1197.992065
 292.415170 1198.120117
 293.413174 1198.293701
 294.411178 1198.424927
 295.409182 1198.440063
 296.407186 1198.406616
 297.405190 1198.827148
 298.403194 1199.467285
 299.401198 1200.378662
 300.399202 1201.207642
 301.397206 1202.091675
 302.395210 1203.243652
 303.393214 1204.136841
 304.391218 1204.929199
 305.389222 1206.166748
 306.387226 1206.837280
 307.385230 1206.837280
 308.383234 1207.291504
 309.381238 1207.897949
 310.379242 1208.422241
 311.377246 1208.955688
 312.375249 1209.513428
 313.373253 1209.912720
 314.371257 1210.406494
 315.369261 1210.985718
 316.367265 1211.415405
 317.365269 1212.119507
 318.363273 1212.814453
 319.361277 1213.332642
 320.359281 1213.786743
 321.357285 1214.527466
 322.355289 1214.957275
 323.353293 1215.371704
 324.351297 1216.307495
 325.349301 1216.307495
 326.347305 1216.917114
 327.345309 1217.810059
 328.343313 1218.755005
 329.341317 1219.303711
 330.339321 1220.452759
 331.337325 1220.980103
 332.335329 1221.504272
 333.333333 1222.278564
 334.331337 1222.946045
 335.329341 1223.397095
 336.327345 1224.101196
 337.325349 1224.658936
 338.323353 1225.216797
 339.321357 1226.503052
 340.319361 1227.265015
 341.317365 1227.899048
 342.315369 1229.057251
 343.313373 1229.057251
 344.311377 1229.810181
 345.309381 1230.815918
 346.307385 1231.462158
 347.305389 1231.989380
 348.303393 1232.611206
 349.301397 1233.220825
 350.299401 1233.943237
 351.297405 1236.344971
 352.295409 1237.113159
 353.293413 1237.872070
 354.291417 1238.780396
 355.289421 1239.438721
 356.287425 1240.155029
 357.285429 1241.069458
 358.283433 1241.922852
 359.281437 1242.709229
 360.279441 1242.709229
 361.277445 1243.669312
 362.275449 1245.278687
 363.273453 1246.013306
 364.271457 1246.833130
 365.269461 1247.665283
 366.267465 1248.406006
 367.265469 1249.052124
 368.263473 1249.692261
 369.261477 1250.338379
 370.259481 1250.874756
 371.257485 1251.484375
 372.255489 1252.081787
 373.253493 1253.093872
 374.251497 1253.642456
 375.249501 1254.239868
 376.247505 1254.937866
 377.245509 1255.553467
 378.243513 1255.553467
 379.241517 1256.102051
 380.239521 1256.638672
 381.237525 1257.278687
 382.235529 1257.839478
 383.233533 1258.494751
 384.231537 1259.055542
 385.229541 1260.284058
 386.227545 1260.780762
 387.225549 1261.411865
 388.223553 1262.149414
 389.221557 1262.752930
 390.219561 1263.325928
 391.217565 1263.993408
 392.215569 1264.487183
 393.213573 1264.938354
 394.211577 1265.636353
 395.209581 1265.636353
 396.207585 1266.282593
 397.205589 1267.440674
 398.203593 1268.050293
 399.201597 1268.617188
 400.199601 1269.202393
 401.197605 1269.769409
 402.195609 1270.299683
 403.193613 1270.952026
 404.191617 1271.415283
 405.189621 1271.829834
 406.187625 1272.524780
 407.185629 1273.356934
 408.183633 1273.670776
 409.181637 1274.344360
 410.179641 1274.725464
 411.177645 1275.057617
 412.175649 1275.563599
 413.173653 1275.563599
 414.171657 1275.993408
 415.169661 1276.407959
 416.167665 1276.843872
 417.165669 1277.166992
 418.163673 1277.453369
 419.161677 1278.215454
 420.159681 1278.568848
 421.157685 1278.837280
 422.155689 1279.538208
 423.153693 1279.943604
 424.151697 1280.193481
 425.149701 1280.425171
 426.147705 1280.787964
 427.145709 1281.111084
 428.143713 1281.239014
 429.141717 1281.388306
 430.139721 1281.714478
 431.137725 1281.720581
 432.135729 1281.842529
 433.133733 1282.046753
 434.131737 1282.430786
 435.129741 1282.741699
 436.127745 1282.894165
 437.125748 1282.985474
 438.123752 1283.153076
 439.121756 1283.235352
 440.119760 1283.336060
 441.117764 1283.494507
 442.115768 1283.720093
 443.113772 1283.814697
 444.111776 1284.015747
 445.109780 1284.192505
 446.107784 1284.155884
 447.105788 1284.177368
 448.103792 1284.177368
 449.101796 1284.192505
 450.099800 1284.253540
 451.097804 1284.351074
 452.095808 1284.283936
 453.093812 1284.366211
 454.091816 1284.363159
 455.089820 1284.235229
 456.087824 1284.229126
 457.085828 1284.259644
 458.083832 1284.006592
 459.081836 1283.954834
 460.079840 1283.973022
 461.077844 1283.933350
 462.075848 1283.851074
 463.073852 1283.866455
 464.071856 1283.723145
 465.069860 1283.674316
 466.067864 1283.674316
 467.065868 1283.396973
 468.063872 1283.454956
 469.061876 1283.439575
 470.059880 1283.424438
 471.057884 1283.299438
 472.055888 1283.305542
 473.053892 1283.333008
 474.051896 1283.174561
 475.049900 1283.165283
 476.047904 1283.022095
 477.045908 1282.881958
 478.043912 1282.872681
 479.041916 1282.836060
 480.039920 1282.638062
 481.037924 1282.647217
 482.035928 1282.647217
 483.033932 1282.412476
 484.031936 1282.452148
 485.029940 1282.424683
 486.027944 1282.342407
 487.025948 1282.589355
 488.023952 1282.604492
 489.021956 1282.455078
 490.019960 1282.464355
 491.017964 1282.464355
 492.015968 1282.281372
 493.013972 1282.336304
 494.011976 1282.382080
 495.009980 1282.281372
 496.007984 1282.314941
 497.005988 1282.336304
 498.003992 1282.266235
 499.001996 1282.293579
