 0.000000 1196.705811
 0.485035 1196.705811
 1.484779 1196.696655
 2.484523 1196.690552
 3.484267 1196.690552
 4.484011 1196.724121
 4.667370 1196.724121
 5.667114 1196.672241
 6.666858 1196.614258
 7.666602 1196.687500
 8.666346 1196.721069
 8.876397 1196.721069
 9.876141 1196.733276
 10.875885 1196.742432
 11.875629 1196.718018
 12.875373 1196.708862
 13.049995 1196.721069
 14.049739 1196.721069
 15.049483 1196.727173
 16.049227 1196.705811
 17.048971 1196.721069
 17.247349 1196.721069
 18.247093 1196.705811
 19.246837 1196.708862
 20.246581 1196.699707
 21.246325 1196.736328
 21.418459 1196.736328
 22.418203 1196.733276
 23.417947 1196.745483
 24.417691 1196.730225
 25.417435 1196.751465
 25.603368 1196.742432
 26.603112 1196.760620
 27.602856 1196.739380
 28.602600 1196.736328
 29.602344 1196.785034
 29.797841 1196.785034
 30.797585 1196.797241
 31.797329 1196.772827
 32.797073 1196.791138
 33.796817 1196.803345
 34.007023 1196.778931
 35.006767 1196.772827
 36.006511 1196.791138
 37.006255 1196.791138
 38.005999 1196.803345
 38.233456 1196.803345
 39.233200 1196.797241
 40.232944 1196.797241
 41.232688 1196.818604
 42.232432 1196.821655
 42.436641 1196.821655
 43.436385 1196.800293
 44.436129 1196.806396
 45.435873 1196.800293
 46.435617 1196.848999
 46.600211 1196.848999
 47.599955 1196.867310
 48.599699 1196.870361
 49.599443 1196.867310
 50.599187 1196.980103
 50.749564 1197.095947
 51.749308 1197.095947
 52.749052 1197.205688
 53.748796 1197.223877
 54.748540 1197.220825
 54.922615 1197.220825
 55.922359 1197.208740
 56.922103 1197.245239
 57.921847 1197.248291
 58.921591 1197.254395
 59.028112 1197.254395
 60.027856 1197.205688
 61.027600 1197.205688
 62.027344 1197.199585
 62.805308 1197.217773
 63.805052 1197.236084
 64.804796 1197.254395
 65.804540 1197.263550
 66.543840 1197.263550
 67.543584 1197.251343
 68.543328 1197.242188
 69.543072 1197.233032
 70.216610 1197.245239
 71.216354 1197.251343
 72.216098 1197.229980
 73.215842 1197.223877
 74.152019 1197.223877
 75.151763 1197.229980
 76.151507 1197.239136
 77.151251 1197.187378
 78.064629 1197.187378
 79.064373 1197.169067
 80.064117 1197.178223
 81.063861 1197.178223
 81.971294 1197.190430
 82.971038 1197.187378
 83.970782 1197.181274
 84.970526 1197.196533
 85.970270 1197.205688
 86.064686 1197.205688
 87.064430 1197.205688
 88.064174 1197.190430
 89.063918 1197.147705
 90.063662 1197.138672
 90.830524 1197.135620
 91.830268 1197.153809
 92.830012 1197.220825
 93.829756 1197.236084
 94.829499 1197.233032
 95.569619 1197.242188
 96.569363 1197.226929
 97.569107 1197.229980
 98.568851 1197.245239
 99.568595 1197.257446
 99.669715 1197.257446
 100.669459 1197.287964
 101.669203 1197.291016
 102.668947 1197.291016
 103.668691 1197.260498
 103.951106 1197.236084
 104.950850 1197.336670
 105.950594 1197.284912
 106.950338 1197.321411
 107.950082 1197.284912
 108.319099 1197.284912
 109.318843 1197.291016
 110.318587 1197.269653
 111.318331 1197.272705
 112.318075 1197.306152
 112.474995 1197.306152
 113.474739 1197.300049
 114.474483 1197.293945
 115.474227 1197.251343
 116.473971 1197.236084
 116.637493 1197.236084
 117.637237 1197.239136
 118.636981 1197.321411
 119.636725 1197.296997
 120.636469 1197.296997
 120.766835 1197.296997
 121.766579 1197.278809
 122.766323 1197.226929
 123.766067 1197.245239
 124.765811 1197.291016
 124.820141 1197.291016
 125.819885 1197.336670
 126.819629 1197.336670
 127.819373 1197.358032
 128.819117 1197.336670
 128.964860 1197.336670
 129.964604 1197.315308
 130.964348 1197.324463
 131.964092 1197.339722
 132.958817 1197.382446
 133.958561 1197.379395
 134.958305 1197.409912
 135.958049 1197.452515
 136.957793 1197.489136
 137.082016 1197.489136
 138.081760 1197.513550
 139.081504 1197.522583
 140.081248 1197.504395
 141.080992 1197.546997
 141.251986 1197.546997
 142.251730 1197.550049
 143.251474 1197.562256
 144.251218 1197.550049
 145.250962 1197.537842
 145.479952 1197.537842
 146.479696 1197.568359
 147.479440 1197.607910
 148.479184 1197.632324
 149.478928 1197.580566
 149.750274 1197.580566
 150.750018 1197.589722
 151.749762 1197.598755
 152.749506 1197.614014
 153.749250 1197.604858
 154.025243 1197.604858
 155.024987 1197.595825
 156.024731 1197.586670
 157.024475 1197.638428
 158.024219 1197.601807
 158.317193 1197.601807
 159.316937 1197.568359
 160.316681 1197.550049
 161.316425 1197.610962
 162.316169 1197.620117
 162.619585 1197.644531
 163.619329 1197.653687
 164.619073 1197.620117
 165.618817 1197.556152
 166.618561 1197.614014
 166.865849 1197.614014
 167.865593 1197.546997
 168.865337 1197.577515
 169.865081 1197.568359
 170.864825 1197.556152
 171.084628 1197.556152
 172.084372 1197.623169
 173.084116 1197.629272
 174.083860 1197.620117
 175.083604 1197.577515
 175.344352 1197.592773
 176.344096 1197.583618
 177.343840 1197.592773
 178.343584 1197.592773
 179.343328 1197.617065
 179.343877 1197.617065
 180.343621 1197.635376
 181.343365 1197.626221
 182.343109 1197.607910
 183.342853 1197.614014
 183.368712 1197.614014
 184.368456 1197.635376
 185.368200 1197.641479
 186.367944 1197.647583
 187.324916 1197.650635
 188.324660 1197.601807
 189.324404 1197.601807
 190.324148 1197.638428
 191.323892 1197.632324
 191.440337 1197.632324
 192.440081 1197.678101
 193.439825 1197.659790
 194.439569 1197.650635
 195.439313 1197.687256
 195.585435 1197.644531
 196.585179 1197.659790
 197.584923 1197.650635
 198.584667 1197.662842
 199.584411 1197.668945
 199.725184 1197.668945
 200.724928 1197.668945
 201.724672 1197.662842
 202.724416 1197.653687
 203.724160 1197.653687
 203.820245 1197.653687
 204.819989 1197.678101
 205.819733 1197.684204
 206.819477 1197.687256
 207.819221 1197.690308
 207.996204 1197.690308
 208.995948 1197.684204
 209.995692 1197.662842
 210.995436 1197.684204
 211.995180 1197.748169
 212.177958 1197.748169
 213.177702 1197.790894
 214.177446 1197.790894
 215.177190 1197.769531
 216.176934 1197.769531
 216.331726 1197.769531
 217.331470 1197.757324
 218.331214 1197.760376
 219.330958 1197.754272
 220.330702 1197.803101
 220.422321 1197.803101
 221.422065 1197.793945
 222.421809 1197.793945
 223.421553 1197.787842
 224.410252 1197.803101
 225.409996 1197.833496
 226.409740 1197.845703
 227.409484 1197.845703
 228.371076 1197.857910
 229.370820 1197.952393
 230.370564 1197.952393
 231.370308 1197.952393
 232.370052 1197.955444
 232.522120 1197.955444
 233.521864 1197.952393
 234.521608 1197.952393
 235.521352 1197.912720
 236.511942 1197.921875
 237.511686 1197.906616
 238.511430 1197.924927
 239.511174 1197.931030
 240.510918 1197.931030
 240.775682 1197.940186
 241.775426 1197.943237
 242.775170 1197.940186
 243.774914 1197.949341
 244.774658 1197.964600
 244.934927 1197.964600
 245.934671 1197.985962
 246.934415 1197.934082
 247.934159 1197.952393
 248.933903 1198.034668
 249.073343 1198.040771
 250.073087 1198.068237
 251.072831 1198.001221
 252.072575 1198.001221
 253.072319 1198.092651
 253.234336 1198.092651
 254.234080 1198.086548
 255.233824 1198.095703
 256.233568 1198.092651
 257.233312 1198.065186
 257.379982 1198.071289
 258.379726 1198.043823
 259.379470 1198.043823
 260.379214 1198.068237
 261.378958 1198.077393
 261.641825 1198.077393
 262.641569 1198.089600
 263.641313 1198.046875
 264.641057 1198.031616
 265.640801 1198.052979
 265.821464 1198.052979
 266.821208 1198.062134
 267.820952 1198.062134
 268.820696 1198.068237
 269.820440 1198.071289
 269.977207 1198.071289
 270.976951 1198.016357
 271.976695 1198.043823
 272.976439 1198.056030
 273.976183 1198.077393
 274.136947 1198.077393
 275.136691 1198.049927
 276.136435 1198.049927
 277.136179 1198.092651
 278.135923 1198.056030
 278.306867 1198.056030
 279.306611 1198.065186
 280.306355 1198.156616
 281.306099 1198.156616
 282.305843 1198.199341
 282.495858 1198.184082
 283.495602 1198.220581
 284.495346 1198.229736
 285.495090 1198.269409
 286.494834 1198.229736
 286.675393 1198.229736
 287.675137 1198.208374
 288.674881 1198.251099
 289.674625 1198.251099
 290.674369 1198.275513
 290.853572 1198.275513
 291.853316 1198.318115
 292.853060 1198.302856
 293.852804 1198.275513
 294.852548 1198.275513
 295.036612 1198.275513
 296.036356 1198.318115
 297.036100 1198.275513
 298.035844 1198.318115
 299.035588 1198.293701
 299.224917 1198.293701
 300.224661 1198.302856
 301.224405 1198.379150
 302.224149 1198.339478
 303.223893 1198.342529
 303.415474 1198.342529
 304.415218 1198.360840
 305.414962 1198.363892
 306.414706 1198.321167
 307.414450 1198.321167
 307.579613 1198.321167
 308.579357 1198.336426
 309.579101 1198.293701
 310.578845 1198.305908
 311.578589 1198.336426
 311.757691 1198.292114
 312.757435 1198.293701
 313.757179 1198.278564
 314.756923 1198.290649
 315.756667 1198.290649
 315.946885 1198.290649
 316.946629 1198.342529
 317.946373 1198.330322
 318.946117 1198.302856
 319.945861 1198.302856
 320.138883 1198.299805
 321.138627 1198.308960
 322.138371 1198.299805
 323.138115 1198.305908
 324.137859 1198.248047
 324.341324 1198.248047
 325.341068 1198.269409
 326.340812 1198.272461
 327.340556 1198.275513
 328.340300 1198.287598
 328.495979 1198.287598
 329.495723 1198.286743
 330.495467 1198.286865
 331.495211 1198.293701
 332.494955 1198.354736
 332.651730 1198.354736
 333.651474 1198.394409
 334.651218 1198.394409
 335.650962 1198.406616
 336.650706 1198.406616
 336.786426 1198.366943
 337.786170 1198.366943
 338.785914 1198.339478
 339.785658 1198.342529
 340.785402 1198.345581
 340.813973 1198.345581
 341.813717 1198.363892
 342.813461 1198.333374
 343.813205 1198.333374
 344.812949 1198.342529
 344.951003 1198.342529
 345.950747 1198.376099
 346.950491 1198.376099
 347.950235 1198.366943
 348.949979 1198.357788
 349.065087 1198.357788
 350.064831 1198.348633
 351.064575 1198.345581
 352.064319 1198.348633
 353.064063 1198.369995
 353.240199 1198.369995
 354.239943 1198.391357
 355.239687 1198.400513
 356.239431 1198.385254
 357.239175 1198.391357
 357.471345 1198.391357
 358.471089 1198.394409
 359.470833 1198.464478
 360.470577 1198.473633
 361.470321 1198.473633
 361.646151 1198.473633
 362.645895 1198.470581
 363.645639 1198.464478
 364.645383 1198.482788
 365.645127 1198.501099
 365.836871 1198.501099
 366.836615 1198.498047
 367.836358 1198.494995
 368.836102 1198.491943
 369.835846 1198.491943
 370.020328 1198.491943
 371.020072 1198.491943
 372.019816 1198.470581
 373.019560 1198.473633
 374.019304 1198.443115
 374.173789 1198.470581
 375.173533 1198.479736
 376.173277 1198.443115
 377.173021 1198.400513
 378.172765 1198.394409
 378.418169 1198.394409
 379.417913 1198.482788
 380.417657 1198.525391
 381.417401 1198.528442
 382.417145 1198.510254
 382.597473 1198.510254
 383.597217 1198.549805
 384.596961 1198.592407
 385.596705 1198.638184
 386.596449 1198.629028
 386.734404 1198.629028
 387.734148 1198.592407
 388.733892 1198.540649
 389.733636 1198.540649
 390.733380 1198.522339
 390.866801 1198.522339
 391.866545 1198.507202
 392.866289 1198.485840
 393.866033 1198.479736
 394.865776 1198.552856
 395.058443 1198.552856
 396.058187 1198.479736
 397.057931 1198.516235
 398.057675 1198.565063
 399.057419 1198.629028
 399.407560 1198.629028
 400.407304 1198.656494
 401.407048 1198.726562
 402.406792 1198.601562
 403.406536 1198.601562
 403.562260 1198.601562
 404.562004 1198.641235
 405.561748 1198.601562
